11352975
11336592
11336593
11342394
11352918
11352944
11342415
11352872
11342432
18171757
17269326
11352919
11342398
11342425
11352895
16857432
1134239
11352886
1134243
11279251
1135295
13452127
11342395
11336726
11336579
11352938
11352961
1134242
11342424
11342384
11352964
11342429
11352878
11352967
1135291
16144175
1135289
11342387
11352877
11342397
11352883
11342418
11336578
11352966
11342392
11342427
11352959
11336571
11342433
11342434
11342421
11352954
11342386
17918176
11342412
11352874
11352869
11342417
11352979
11352962
11352936
11336719
15452736
11352897
11279247
11336572
11352935
15548966
11342435
11342399
11282233
11352891
11352945
11342437
11352956
11342396
11342385
11342393
